23200.0 38.0 0.0 0.0 8994.0 1772.0 2056.0 0.0 0.0 0.0 0.0 0.0 0.0 0.0 0.0 0.0 0.0 0.0 0.0 0.0 4146.0 6400.0 7306.0 1842.0 372.0 1061.0 2545.0 28942.0 0.0 0.0 0.0 1394.0 0.0 0.0 0.0 0.0 0.0 0.0 0.0 0.0 0.0 2.0 174.0 508.0 0.0 0.0 4.0 3115.0 0.0 0.0 0.0 0.0 0.0 0.0 0.0 0.0 0.0 0.0 0.0 0.0 0.0 0.0 0.0 4433.0 
7860.0 5.0 0.0 0.0 32686.0 691.0 0.0 0.0 0.0 0.0 0.0 0.0 0.0 0.0 0.0 0.0 0.0 0.0 0.0 0.0 19546.0 7957.0 194.0 0.0 234.0 1399.0 931.0 2253.0 0.0 0.0 0.0 0.0 0.0 0.0 0.0 0.0 0.0 0.0 0.0 0.0 0.0 52.0 880.0 2560.0 0.0 0.0 213.0 9215.0 0.0 0.0 0.0 0.0 0.0 0.0 0.0 0.0 0.0 0.0 0.0 0.0 0.0 0.0 5.0 11623.0 
1426.0 1.0 0.0 0.0 4976.0 136.0 5.0 0.0 0.0 0.0 0.0 0.0 0.0 0.0 0.0 0.0 47.0 5.0 0.0 0.0 13497.0 16129.0 15330.0 2176.0 3509.0 4167.0 1497.0 23665.0 0.0 0.0 0.0 0.0 0.0 0.0 0.0 0.0 0.0 36.0 53.0 0.0 667.0 10522.0 363.0 21.0 0.0 20.0 15.0 0.0 0.0 0.0 0.0 0.0 0.0 0.0 0.0 0.0 0.0 0.0 2.0 8.0 0.0 1.0 25.0 5.0 
10678.0 13327.0 0.0 0.0 203.0 5539.0 0.0 0.0 0.0 0.0 0.0 0.0 0.0 0.0 0.0 0.0 133.0 36.0 0.0 0.0 2667.0 9165.0 2090.0 121.0 1040.0 6345.0 1003.0 9127.0 0.0 0.0 0.0 536.0 0.0 0.0 0.0 0.0 2.0 66.0 0.0 0.0 25.0 15665.0 504.0 1979.0 0.0 156.0 1.0 13656.0 0.0 0.0 0.0 0.0 0.0 0.0 0.0 0.0 0.0 42.0 64.0 0.0 0.0 17.0 146.0 3971.0 
8003.0 101.0 0.0 0.0 814.0 9214.0 1848.0 338.0 0.0 0.0 50.0 3732.0 0.0 0.0 0.0 0.0 525.0 15.0 0.0 0.0 2327.0 15256.0 4163.0 0.0 0.0 3040.0 3806.0 13282.0 0.0 0.0 0.0 0.0 0.0 0.0 0.0 0.0 0.0 211.0 3.0 0.0 0.0 13443.0 5563.0 2561.0 0.0 598.0 522.0 1581.0 0.0 0.0 0.0 0.0 0.0 42.0 0.0 0.0 0.0 107.0 117.0 9.0 0.0 138.0 3245.0 3650.0 
16963.0 384.0 0.0 0.0 6016.0 1192.0 0.0 0.0 0.0 0.0 0.0 0.0 0.0 0.0 0.0 0.0 485.0 54.0 0.0 0.0 26659.0 14999.0 80.0 0.0 2645.0 3708.0 441.0 117.0 0.0 0.0 0.0 0.0 0.0 0.0 0.0 0.0 24.0 143.0 7.0 0.0 272.0 5222.0 2889.0 2810.0 0.0 5.0 176.0 1738.0 0.0 0.0 0.0 0.0 0.0 0.0 0.0 0.0 0.0 195.0 21.0 3.0 0.0 7.0 136.0 10913.0 
9842.0 2131.0 0.0 0.0 8158.0 348.0 0.0 0.0 0.0 0.0 0.0 0.0 0.0 0.0 0.0 0.0 607.0 515.0 0.0 0.0 4857.0 13893.0 7419.0 0.0 30.0 282.0 3612.0 4026.0 0.0 0.0 0.0 226.0 0.0 0.0 0.0 0.0 0.0 341.0 387.0 0.0 0.0 134.0 5267.0 6251.0 0.0 0.0 1.0 27050.0 0.0 0.0 0.0 0.0 0.0 0.0 0.0 0.0 0.0 0.0 383.0 215.0 0.0 0.0 143.0 2186.0 
7245.0 1026.0 0.0 0.0 6263.0 10868.0 0.0 0.0 0.0 0.0 0.0 0.0 0.0 0.0 0.0 0.0 0.0 0.0 0.0 0.0 163.0 51778.0 105.0 0.0 0.0 5525.0 2880.0 0.0 0.0 0.0 0.0 0.0 0.0 0.0 0.0 0.0 0.0 141.0 13.0 0.0 0.0 9.0 622.0 8.0 0.0 0.0 21.0 69.0 0.0 0.0 0.0 0.0 0.0 0.0 0.0 0.0 0.0 0.0 0.0 0.0 0.0 0.0 0.0 11568.0 
14202.0 305.0 0.0 0.0 1917.0 4877.0 0.0 0.0 0.0 0.0 0.0 0.0 0.0 0.0 0.0 0.0 3179.0 151.0 0.0 0.0 11709.0 20818.0 0.0 0.0 0.0 36.0 3.0 0.0 0.0 0.0 0.0 0.0 1.0 0.0 0.0 0.0 1562.0 16792.0 0.0 0.0 0.0 4228.0 32.0 0.0 0.0 0.0 0.0 0.0 0.0 0.0 0.0 0.0 27.0 5880.0 0.0 0.0 0.0 1835.0 166.0 0.0 0.0 32.0 303.0 10249.0 
14246.0 404.0 0.0 0.0 5890.0 4021.0 0.0 0.0 0.0 0.0 0.0 0.0 0.0 0.0 0.0 0.0 1836.0 195.0 0.0 0.0 6396.0 45548.0 100.0 0.0 0.0 647.0 91.0 0.0 0.0 0.0 0.0 0.0 0.0 0.0 0.0 0.0 2.0 1896.0 2.0 0.0 0.0 531.0 923.0 27.0 0.0 0.0 18.0 75.0 0.0 0.0 0.0 0.0 0.0 2.0 0.0 0.0 0.0 202.0 130.0 3.0 0.0 0.0 223.0 14896.0 
5211.0 1582.0 0.0 0.0 5324.0 6705.0 0.0 0.0 0.0 0.0 0.0 0.0 0.0 0.0 0.0 0.0 53.0 4.0 0.0 0.0 1426.0 60106.0 6377.0 0.0 0.0 4529.0 2816.0 0.0 0.0 0.0 0.0 0.0 0.0 0.0 0.0 0.0 0.0 83.0 2.0 0.0 0.0 368.0 595.0 710.0 0.0 1.0 9.0 355.0 0.0 0.0 0.0 0.0 0.0 0.0 0.0 0.0 0.0 0.0 2.0 2.0 0.0 0.0 10.0 2034.0 
6561.0 1396.0 0.0 0.0 5442.0 5394.0 0.0 0.0 0.0 0.0 0.0 0.0 0.0 0.0 0.0 0.0 0.0 1.0 0.0 0.0 2928.0 27089.0 3725.0 0.0 2.0 33811.0 3346.0 0.0 0.0 1.0 0.0 0.0 0.0 0.0 0.0 0.0 0.0 29.0 0.0 0.0 0.0 705.0 2940.0 1577.0 0.0 4.0 15.0 997.0 0.0 0.0 0.0 0.0 0.0 0.0 0.0 0.0 0.0 4.0 26.0 0.0 0.0 0.0 154.0 2157.0 
6319.0 1900.0 0.0 0.0 1443.0 2384.0 0.0 0.0 0.0 0.0 0.0 0.0 0.0 0.0 0.0 0.0 4.0 24.0 0.0 0.0 2516.0 18760.0 1227.0 0.0 8193.0 25301.0 5975.0 0.0 0.0 0.0 0.0 0.0 0.0 0.0 0.0 0.0 0.0 0.0 0.0 0.0 2553.0 7146.0 2807.0 27.0 6.0 1138.0 2.0 71.0 0.0 0.0 0.0 0.0 0.0 0.0 0.0 0.0 0.0 0.0 4.0 0.0 0.0 93.0 11.0 10400.0 
11351.0 19.0 0.0 0.0 1478.0 319.0 0.0 0.0 0.0 0.0 0.0 0.0 0.0 0.0 0.0 0.0 250.0 3.0 0.0 0.0 9607.0 30630.0 36.0 0.0 152.0 20117.0 113.0 0.0 0.0 0.0 0.0 0.0 0.0 0.0 0.0 0.0 0.0 1257.0 0.0 0.0 0.0 832.0 274.0 152.0 0.0 0.0 16.0 7548.0 0.0 0.0 0.0 0.0 0.0 0.0 0.0 0.0 0.0 4.0 7.0 0.0 0.0 0.0 16.0 14123.0 
19389.0 26.0 0.0 0.0 15758.0 2344.0 0.0 0.0 0.0 0.0 0.0 0.0 0.0 0.0 0.0 0.0 164.0 0.0 0.0 0.0 6467.0 33621.0 0.0 0.0 0.0 5201.0 27.0 0.0 0.0 0.0 0.0 0.0 0.0 0.0 0.0 0.0 8.0 408.0 0.0 0.0 0.0 334.0 981.0 2.0 0.0 5.0 194.0 436.0 0.0 0.0 0.0 0.0 0.0 10.0 0.0 0.0 0.0 12.0 183.0 0.0 0.0 0.0 201.0 12533.0 
6197.0 122.0 0.0 0.0 1327.0 181.0 0.0 0.0 0.0 0.0 0.0 0.0 0.0 0.0 0.0 0.0 1863.0 37.0 0.0 0.0 25011.0 17493.0 11608.0 0.0 18.0 5629.0 8023.0 2980.0 0.0 0.0 0.0 0.0 77.0 115.0 0.0 0.0 106.0 759.0 1.0 0.0 0.0 1968.0 9266.0 5051.0 0.0 37.0 9.0 22.0 0.0 64.0 0.0 0.0 6.0 70.0 14.0 0.0 0.0 44.0 90.0 6.0 0.0 3.0 15.0 92.0 
11628.0 805.0 0.0 0.0 2549.0 888.0 0.0 0.0 0.0 0.0 0.0 0.0 0.0 0.0 0.0 0.0 10.0 6.0 0.0 0.0 28650.0 16339.0 4678.0 1316.0 19.0 1628.0 1152.0 10560.0 0.0 0.0 0.0 0.0 0.0 0.0 0.0 0.0 0.0 15.0 0.0 0.0 0.0 2446.0 2201.0 10727.0 0.0 15.0 172.0 367.0 0.0 0.0 0.0 0.0 0.0 0.0 0.0 0.0 0.0 0.0 35.0 0.0 0.0 0.0 1729.0 369.0 
1845.0 153.0 0.0 0.0 78.0 195.0 0.0 0.0 0.0 0.0 0.0 0.0 0.0 0.0 0.0 0.0 1342.0 11.0 0.0 0.0 37826.0 27545.0 12887.0 3.0 0.0 1936.0 1994.0 1132.0 0.0 0.0 0.0 0.0 0.0 0.0 0.0 0.0 8.0 325.0 2.0 0.0 0.0 1604.0 2723.0 4583.0 0.0 0.0 35.0 161.0 0.0 0.0 0.0 0.0 0.0 0.0 0.0 0.0 0.0 53.0 40.0 1.0 0.0 1.0 149.0 1672.0 
3409.0 84.0 0.0 0.0 2623.0 867.0 0.0 0.0 0.0 0.0 0.0 0.0 0.0 0.0 0.0 0.0 760.0 33.0 0.0 0.0 15494.0 19041.0 236.0 0.0 498.0 29805.0 472.0 29.0 0.0 0.0 0.0 0.0 22.0 98.0 0.0 0.0 98.0 688.0 28.0 0.0 0.0 3297.0 1466.0 4581.0 0.0 41.0 24.0 2956.0 0.0 79.0 0.0 0.0 0.0 50.0 0.0 0.0 0.0 211.0 25.0 3.0 0.0 21.0 119.0 11146.0 
2905.0 15.0 0.0 0.0 1493.0 1230.0 0.0 0.0 0.0 0.0 0.0 0.0 0.0 0.0 0.0 0.0 1701.0 34.0 0.0 0.0 15148.0 29879.0 64.0 0.0 216.0 30190.0 139.0 9.0 0.0 0.0 0.0 0.0 40.0 157.0 0.0 0.0 441.0 1986.0 9.0 0.0 0.0 8979.0 781.0 382.0 0.0 77.0 61.0 14.0 0.0 111.0 0.0 0.0 0.0 94.0 3.0 0.0 0.0 54.0 286.0 29.0 0.0 2.0 684.0 1091.0 
2361.0 0.0 0.0 0.0 242.0 23.0 0.0 0.0 0.0 0.0 0.0 0.0 0.0 0.0 0.0 0.0 3409.0 17.0 0.0 0.0 10571.0 8857.0 0.0 0.0 64.0 2440.0 0.0 0.0 0.0 0.0 0.0 0.0 0.0 0.0 0.0 0.0 831.0 3161.0 1.0 0.0 850.0 33631.0 332.0 324.0 0.0 75.0 178.0 16282.0 0.0 0.0 0.0 0.0 0.0 81.0 0.0 0.0 0.0 3017.0 136.0 0.0 0.0 2167.0 541.0 8713.0 
5216.0 133.0 0.0 0.0 259.0 136.0 0.0 0.0 0.0 0.0 0.0 0.0 0.0 0.0 0.0 0.0 640.0 9.0 0.0 0.0 5958.0 33209.0 10.0 0.0 0.0 13653.0 8.0 0.0 0.0 0.0 0.0 0.0 0.0 0.0 0.0 0.0 1.0 513.0 0.0 0.0 0.0 11532.0 488.0 1748.0 0.0 4.0 23.0 8632.0 0.0 0.0 0.0 0.0 0.0 0.0 0.0 0.0 0.0 7.0 46.0 0.0 0.0 0.0 107.0 15972.0 
3120.0 41.0 0.0 0.0 426.0 137.0 1469.0 0.0 0.0 0.0 0.0 0.0 0.0 0.0 0.0 0.0 818.0 9.0 0.0 0.0 11716.0 18132.0 17345.0 3131.0 2.0 5095.0 965.0 9211.0 0.0 0.0 0.0 0.0 0.0 0.0 0.0 0.0 8.0 48.0 0.0 0.0 0.0 2096.0 1062.0 11283.0 0.0 16.0 60.0 7064.0 0.0 0.0 0.0 0.0 0.0 0.0 0.0 0.0 0.0 3.0 1.0 0.0 0.0 2.0 107.0 4937.0 
4176.0 40.0 0.0 0.0 3240.0 666.0 1483.0 0.0 0.0 0.0 0.0 0.0 0.0 0.0 0.0 0.0 154.0 10.0 0.0 0.0 20131.0 13254.0 17206.0 2617.0 0.0 165.0 3637.0 8529.0 0.0 0.0 0.0 0.0 0.0 3.0 0.0 0.0 0.0 31.0 0.0 0.0 0.0 166.0 4605.0 13406.0 0.0 0.0 9.0 2445.0 0.0 0.0 0.0 0.0 0.0 0.0 0.0 0.0 0.0 0.0 0.0 1.0 0.0 0.0 27.0 2303.0 
344.0 0.0 0.0 0.0 261.0 19.0 0.0 0.0 0.0 0.0 0.0 0.0 0.0 0.0 0.0 0.0 158.0 0.0 0.0 0.0 14235.0 1996.0 1454.0 0.0 2618.0 511.0 2506.0 0.0 0.0 0.0 0.0 0.0 0.0 0.0 0.0 0.0 1393.0 103.0 0.0 0.0 11571.0 1927.0 695.0 11.0 3.0 31.0 80.0 144.0 0.0 0.0 0.0 0.0 18.0 0.0 0.0 0.0 518.0 1055.0 27.0 0.0 2.0 312.0 222.0 18287.0 
10206.0 1.0 0.0 0.0 435.0 3.0 0.0 0.0 0.0 0.0 0.0 0.0 0.0 0.0 0.0 0.0 4028.0 2.0 0.0 0.0 30935.0 11607.0 0.0 0.0 14.0 113.0 0.0 0.0 0.0 0.0 0.0 0.0 174.0 3.0 0.0 0.0 11763.0 13084.0 0.0 0.0 2314.0 7211.0 48.0 0.0 0.0 0.0 0.0 0.0 0.0 0.0 0.0 0.0 1091.0 1861.0 0.0 0.0 503.0 2700.0 66.0 0.0 1.0 128.0 13.0 0.0 
6894.0 124.0 0.0 0.0 1700.0 612.0 0.0 0.0 0.0 0.0 0.0 0.0 0.0 0.0 0.0 0.0 2355.0 33.0 0.0 0.0 16208.0 20554.0 578.0 0.0 47.0 2917.0 1252.0 46.0 0.0 0.0 0.0 0.0 110.0 38.0 0.0 0.0 1798.0 12614.0 2.0 0.0 156.0 12365.0 2078.0 1348.0 0.0 40.0 322.0 11417.0 0.0 0.0 0.0 0.0 7.0 458.0 0.0 0.0 1.0 1392.0 95.0 0.0 0.0 198.0 417.0 128.0 
2508.0 0.0 0.0 0.0 4005.0 19.0 0.0 0.0 0.0 0.0 0.0 0.0 0.0 0.0 0.0 0.0 4607.0 310.0 0.0 0.0 31722.0 16626.0 0.0 0.0 1284.0 16221.0 0.0 0.0 0.0 0.0 0.0 0.0 344.0 916.0 0.0 0.0 511.0 6250.0 0.0 0.0 286.0 12346.0 106.0 0.0 0.0 14.0 51.0 1.0 0.0 0.0 0.0 0.0 0.0 57.0 0.0 0.0 0.0 65.0 5.0 0.0 0.0 2.0 34.0 14.0 
3074.0 0.0 0.0 0.0 2724.0 8.0 0.0 0.0 0.0 0.0 0.0 0.0 0.0 0.0 0.0 0.0 213.0 0.0 0.0 0.0 20710.0 10510.0 197.0 0.0 872.0 2290.0 402.0 0.0 0.0 0.0 0.0 0.0 0.0 0.0 0.0 0.0 2221.0 2673.0 3.0 0.0 2495.0 29476.0 5361.0 11.0 0.0 9634.0 26.0 172.0 0.0 0.0 0.0 0.0 0.0 0.0 0.0 0.0 58.0 2993.0 185.0 0.0 1.0 1899.0 87.0 9.0 
1143.0 2.0 0.0 0.0 1781.0 10.0 0.0 0.0 0.0 0.0 0.0 0.0 0.0 0.0 0.0 0.0 1827.0 77.0 0.0 0.0 8437.0 8851.0 795.0 0.0 594.0 5713.0 1881.0 0.0 0.0 0.0 0.0 0.0 191.0 115.0 0.0 0.0 426.0 2030.0 0.0 0.0 336.0 37888.0 5397.0 2351.0 0.0 544.0 663.0 12698.0 0.0 2.0 0.0 0.0 0.0 538.0 0.0 0.0 0.0 1622.0 10.0 0.0 0.0 1929.0 75.0 378.0 
5212.0 572.0 0.0 0.0 4361.0 2951.0 0.0 0.0 0.0 0.0 0.0 0.0 0.0 0.0 0.0 0.0 1057.0 184.0 0.0 0.0 10168.0 41456.0 724.0 82.0 68.0 7714.0 280.0 182.0 0.0 0.0 0.0 0.0 2.0 17.0 0.0 0.0 139.0 7583.0 33.0 0.0 130.0 9678.0 562.0 253.0 0.0 1171.0 105.0 41.0 0.0 0.0 0.0 0.0 0.0 509.0 24.0 0.0 2.0 1528.0 105.0 1.0 0.0 1162.0 154.0 94.0 
2018.0 4.0 0.0 0.0 1211.0 50.0 0.0 0.0 0.0 0.0 0.0 0.0 0.0 0.0 0.0 0.0 2069.0 109.0 0.0 0.0 16810.0 13055.0 5.0 0.0 703.0 7420.0 133.0 11.0 0.0 560.0 0.0 0.0 35.0 42.0 0.0 0.0 2618.0 11073.0 0.0 0.0 847.0 18687.0 455.0 44.0 0.0 13555.0 139.0 817.0 0.0 0.0 0.0 0.0 0.0 504.0 0.0 0.0 2.0 4071.0 59.0 4.0 0.0 1090.0 100.0 4.0 
10712.0 0.0 0.0 0.0 0.0 0.0 0.0 0.0 0.0 0.0 0.0 0.0 0.0 0.0 0.0 0.0 14676.0 3.0 0.0 0.0 20751.0 908.0 0.0 0.0 0.0 0.0 0.0 0.0 0.0 0.0 0.0 0.0 3.0 0.0 0.0 0.0 12286.0 1180.0 0.0 0.0 0.0 0.0 0.0 0.0 0.0 0.0 0.0 0.0 0.0 0.0 0.0 0.0 15040.0 10683.0 0.0 0.0 6824.0 1807.0 0.0 0.0 126.0 1232.0 245.0 1828.0 
16889.0 1.0 0.0 0.0 0.0 0.0 0.0 0.0 0.0 0.0 0.0 0.0 0.0 0.0 0.0 0.0 13928.0 21.0 0.0 0.0 3488.0 1405.0 0.0 0.0 0.0 0.0 0.0 0.0 0.0 0.0 0.0 0.0 1859.0 0.0 0.0 0.0 19473.0 2040.0 0.0 0.0 8.0 1.0 0.0 0.0 0.0 0.0 0.0 0.0 2.0 0.0 0.0 0.0 16341.0 4915.0 0.0 0.0 4805.0 1192.0 1.0 0.0 213.0 10931.0 154.0 637.0 
54.0 0.0 0.0 0.0 46.0 0.0 0.0 0.0 0.0 0.0 0.0 0.0 0.0 0.0 0.0 0.0 36.0 0.0 0.0 0.0 13569.0 21420.0 0.0 0.0 0.0 0.0 0.0 0.0 0.0 0.0 0.0 0.0 0.0 0.0 0.0 0.0 16792.0 23928.0 0.0 0.0 0.0 582.0 0.0 0.0 0.0 0.0 0.0 0.0 0.0 0.0 0.0 0.0 8230.0 6564.0 0.0 0.0 866.0 6217.0 0.0 0.0 0.0 0.0 0.0 0.0 
8674.0 0.0 0.0 0.0 1.0 0.0 0.0 0.0 0.0 0.0 0.0 0.0 0.0 0.0 0.0 0.0 9145.0 0.0 0.0 0.0 19595.0 3513.0 0.0 0.0 0.0 0.0 0.0 0.0 0.0 0.0 0.0 0.0 0.0 0.0 0.0 0.0 8342.0 35784.0 0.0 0.0 0.0 1.0 0.0 0.0 0.0 0.0 0.0 0.0 0.0 0.0 0.0 0.0 170.0 12262.0 0.0 0.0 19.0 626.0 0.0 0.0 0.0 172.0 0.0 0.0 
9422.0 0.0 0.0 0.0 0.0 0.0 0.0 0.0 0.0 0.0 0.0 0.0 0.0 0.0 0.0 0.0 3029.0 247.0 0.0 0.0 0.0 1.0 0.0 0.0 0.0 0.0 0.0 0.0 0.0 0.0 0.0 0.0 139.0 1234.0 0.0 0.0 0.0 8.0 0.0 0.0 0.0 0.0 0.0 0.0 0.0 0.0 0.0 0.0 0.0 73361.0 0.0 0.0 0.0 10863.0 0.0 0.0 0.0 0.0 0.0 0.0 0.0 0.0 0.0 0.0 
19074.0 0.0 0.0 0.0 0.0 0.0 0.0 0.0 0.0 0.0 0.0 0.0 0.0 0.0 0.0 0.0 22421.0 1786.0 0.0 0.0 2742.0 5598.0 0.0 0.0 0.0 0.0 0.0 0.0 0.0 0.0 0.0 0.0 80.0 955.0 0.0 0.0 1385.0 19792.0 0.0 0.0 0.0 56.0 0.0 0.0 0.0 0.0 0.0 0.0 0.0 0.0 0.0 0.0 147.0 18482.0 0.0 0.0 14.0 5772.0 0.0 0.0 0.0 0.0 0.0 0.0 
1751.0 15334.0 3.0 0.0 0.0 98.0 0.0 0.0 0.0 0.0 0.0 0.0 0.0 0.0 0.0 0.0 2839.0 32038.0 24.0 0.0 0.0 13958.0 8340.0 0.0 0.0 0.0 0.0 0.0 0.0 0.0 0.0 0.0 148.0 1784.0 0.0 0.0 1.0 11480.0 636.0 0.0 0.0 0.0 0.0 0.0 0.0 0.0 0.0 0.0 0.0 0.0 0.0 0.0 0.0 9245.0 590.0 0.0 0.0 0.0 35.0 0.0 0.0 0.0 0.0 0.0 
24229.0 0.0 0.0 0.0 0.0 0.0 0.0 0.0 0.0 0.0 0.0 0.0 0.0 0.0 0.0 0.0 19600.0 331.0 0.0 0.0 1924.0 1397.0 0.0 0.0 0.0 0.0 0.0 0.0 0.0 0.0 0.0 0.0 356.0 917.0 0.0 0.0 2220.0 21154.0 0.0 0.0 0.0 3.0 0.0 0.0 0.0 0.0 0.0 0.0 0.0 34.0 0.0 0.0 79.0 23041.0 0.0 0.0 9.0 3005.0 5.0 0.0 0.0 0.0 0.0 0.0 
18295.0 164.0 0.0 0.0 4650.0 2044.0 0.0 0.0 0.0 0.0 0.0 0.0 0.0 0.0 0.0 0.0 4905.0 661.0 0.0 0.0 2961.0 14523.0 774.0 0.0 0.0 389.0 776.0 0.0 0.0 0.0 0.0 0.0 3830.0 5326.0 0.0 0.0 42.0 4295.0 154.0 0.0 0.0 59.0 284.0 0.0 0.0 0.0 2.0 0.0 659.0 9534.0 0.0 0.0 6.0 19793.0 315.0 0.0 0.0 1826.0 2035.0 1.0 0.0 0.0 1.0 0.0 
70282.0 0.0 0.0 0.0 0.0 0.0 0.0 0.0 0.0 0.0 0.0 0.0 0.0 0.0 0.0 0.0 1622.0 21.0 0.0 0.0 168.0 126.0 0.0 0.0 0.0 0.0 0.0 0.0 0.0 0.0 0.0 0.0 13611.0 2349.0 0.0 0.0 226.0 1898.0 0.0 0.0 19.0 279.0 6.0 0.0 0.0 0.0 0.0 0.0 30.0 753.0 0.0 0.0 2.0 5583.0 15.0 0.0 0.0 131.0 846.0 0.0 0.0 0.0 323.0 14.0 
82066.0 131.0 0.0 0.0 8.0 7.0 0.0 0.0 0.0 0.0 0.0 0.0 0.0 0.0 0.0 0.0 2772.0 69.0 0.0 0.0 1048.0 2064.0 191.0 0.0 0.0 0.0 0.0 0.0 0.0 0.0 0.0 0.0 3728.0 82.0 0.0 0.0 228.0 1812.0 62.0 0.0 0.0 38.0 413.0 17.0 0.0 0.0 75.0 8.0 5.0 12.0 0.0 0.0 0.0 1382.0 23.0 0.0 0.0 37.0 833.0 45.0 0.0 0.0 600.0 548.0 
9994.0 0.0 0.0 0.0 0.0 0.0 0.0 0.0 0.0 0.0 0.0 0.0 0.0 0.0 0.0 0.0 46416.0 12.0 0.0 0.0 207.0 18.0 0.0 0.0 0.0 0.0 0.0 0.0 0.0 0.0 0.0 0.0 30287.0 977.0 0.0 0.0 2232.0 1972.0 0.0 0.0 0.0 2.0 0.0 0.0 0.0 0.0 0.0 0.0 0.0 1.0 0.0 0.0 3170.0 2237.0 1.0 0.0 222.0 448.0 3.0 0.0 0.0 80.0 25.0 0.0 
10087.0 0.0 0.0 0.0 4.0 0.0 0.0 0.0 0.0 0.0 0.0 0.0 0.0 0.0 0.0 0.0 21889.0 0.0 0.0 0.0 20279.0 510.0 0.0 0.0 0.0 0.0 0.0 0.0 0.0 0.0 0.0 0.0 5748.0 1753.0 0.0 0.0 5881.0 2017.0 0.0 0.0 0.0 0.0 0.0 0.0 0.0 0.0 0.0 0.0 557.0 1841.0 0.0 0.0 1406.0 25464.0 0.0 0.0 21.0 130.0 0.0 0.0 0.0 284.0 335.0 98.0 
34592.0 74.0 0.0 0.0 0.0 0.0 0.0 0.0 0.0 0.0 0.0 0.0 0.0 0.0 0.0 0.0 10713.0 377.0 0.0 0.0 8066.0 7686.0 0.0 0.0 0.0 0.0 0.0 0.0 0.0 0.0 0.0 0.0 0.0 0.0 0.0 0.0 5652.0 12072.0 0.0 0.0 0.0 6017.0 500.0 0.0 0.0 0.0 0.0 0.0 0.0 0.0 0.0 0.0 682.0 910.0 0.0 0.0 287.0 10324.0 14.0 0.0 0.0 338.0 0.0 0.0 
18638.0 0.0 0.0 0.0 0.0 0.0 0.0 0.0 0.0 0.0 0.0 0.0 0.0 0.0 0.0 0.0 34661.0 107.0 0.0 0.0 92.0 560.0 0.0 0.0 0.0 0.0 0.0 0.0 0.0 0.0 0.0 0.0 20612.0 1189.0 0.0 0.0 877.0 1119.0 0.0 0.0 43.0 29.0 8.0 0.0 0.0 0.0 0.0 0.0 280.0 3112.0 0.0 0.0 3172.0 8750.0 1.0 0.0 558.0 3556.0 56.0 0.0 0.0 781.0 103.0 0.0 
28594.0 346.0 0.0 0.0 0.0 0.0 0.0 0.0 0.0 0.0 0.0 0.0 0.0 0.0 0.0 0.0 12639.0 3389.0 0.0 0.0 706.0 20957.0 0.0 0.0 0.0 0.0 0.0 0.0 0.0 0.0 0.0 0.0 800.0 160.0 0.0 0.0 1357.0 11805.0 2.0 0.0 16.0 24.0 15.0 0.0 0.0 0.0 0.0 0.0 13.0 115.0 0.0 0.0 525.0 12493.0 0.0 0.0 187.0 2831.0 145.0 0.0 1.0 1172.0 12.0 0.0 
0.0 0.0 0.0 0.0 0.0 0.0 0.0 0.0 0.0 0.0 0.0 0.0 0.0 0.0 0.0 0.0 0.0 0.0 0.0 0.0 0.0 82.0 0.0 0.0 0.0 0.0 0.0 0.0 0.0 0.0 0.0 0.0 0.0 0.0 0.0 0.0 0.0 563.0 0.0 0.0 0.0 177.0 714.0 0.0 0.0 0.0 0.0 0.0 0.0 0.0 0.0 0.0 0.0 19432.0 0.0 0.0 0.0 1051.0 5914.0 93.0 0.0 0.0 2274.0 68004.0 
239.0 6.0 0.0 0.0 0.0 1.0 0.0 0.0 0.0 0.0 0.0 0.0 0.0 0.0 0.0 0.0 1458.0 26.0 0.0 0.0 296.0 1407.0 0.0 0.0 0.0 0.0 0.0 0.0 0.0 0.0 0.0 0.0 2496.0 45.0 0.0 0.0 548.0 981.0 2.0 0.0 6.0 3321.0 48344.0 2.0 0.0 0.0 9.0 0.0 1067.0 5.0 0.0 0.0 4854.0 188.0 0.0 0.0 1723.0 2001.0 13623.0 53.0 5.0 308.0 13399.0 1891.0 
475.0 0.0 0.0 0.0 312.0 390.0 0.0 0.0 0.0 0.0 0.0 0.0 0.0 0.0 0.0 0.0 3671.0 2.0 0.0 0.0 1211.0 3167.0 0.0 0.0 0.0 165.0 5.0 0.0 0.0 0.0 0.0 0.0 324.0 17.0 0.0 0.0 60.0 5164.0 0.0 0.0 0.0 854.0 4067.0 0.0 0.0 0.0 828.0 1554.0 3.0 4.0 0.0 0.0 7.0 10252.0 0.0 0.0 0.0 781.0 6508.0 81.0 0.0 0.0 3753.0 54649.0 
1767.0 513.0 0.0 0.0 186.0 1719.0 0.0 0.0 0.0 0.0 0.0 0.0 0.0 0.0 0.0 0.0 815.0 18.0 0.0 0.0 594.0 5626.0 291.0 0.0 0.0 4.0 141.0 0.0 0.0 0.0 0.0 0.0 1667.0 13.0 0.0 0.0 509.0 1010.0 34.0 0.0 10.0 422.0 6569.0 105.0 0.0 0.0 4.0 13.0 14234.0 2.0 0.0 0.0 5542.0 700.0 0.0 0.0 606.0 1304.0 15852.0 705.0 109.0 597.0 1930.0 34693.0 
740.0 0.0 0.0 0.0 1331.0 3.0 0.0 0.0 0.0 0.0 0.0 0.0 0.0 0.0 0.0 0.0 352.0 0.0 0.0 0.0 4019.0 1114.0 0.0 0.0 0.0 2.0 0.0 0.0 0.0 0.0 0.0 0.0 331.0 1169.0 0.0 0.0 511.0 6319.0 0.0 0.0 9.0 736.0 596.0 0.0 0.0 0.0 4.0 0.0 268.0 714.0 0.0 0.0 513.0 2541.0 0.0 0.0 2.0 2624.0 8295.0 169.0 0.0 156.0 1538.0 64248.0 
157.0 0.0 0.0 0.0 0.0 0.0 0.0 0.0 0.0 0.0 0.0 0.0 0.0 0.0 0.0 0.0 441.0 14.0 0.0 0.0 165.0 2258.0 0.0 0.0 0.0 0.0 0.0 0.0 0.0 0.0 0.0 0.0 2892.0 33.0 0.0 0.0 413.0 2070.0 0.0 0.0 0.0 584.0 33313.0 0.0 0.0 0.0 12.0 1.0 2831.0 57.0 0.0 0.0 2000.0 1237.0 4.0 0.0 170.0 1431.0 24024.0 41.0 0.0 0.0 16201.0 7955.0 
6938.0 0.0 0.0 0.0 195.0 154.0 0.0 0.0 0.0 0.0 0.0 0.0 0.0 0.0 0.0 0.0 2050.0 13.0 0.0 0.0 1130.0 45772.0 0.0 0.0 0.0 0.0 0.0 0.0 0.0 0.0 0.0 0.0 4405.0 1011.0 0.0 0.0 482.0 4074.0 0.0 0.0 149.0 3991.0 16981.0 0.0 0.0 0.0 7.0 0.0 1035.0 2875.0 0.0 0.0 142.0 3728.0 2.0 0.0 0.0 814.0 2031.0 0.0 0.0 11.0 268.0 46.0 
0.0 0.0 0.0 0.0 0.0 0.0 0.0 0.0 0.0 0.0 0.0 0.0 0.0 0.0 0.0 0.0 420.0 15.0 0.0 0.0 430.0 5823.0 0.0 0.0 0.0 0.0 0.0 0.0 0.0 0.0 0.0 0.0 269.0 93.0 0.0 0.0 414.0 8153.0 0.0 0.0 0.0 1155.0 1304.0 0.0 0.0 0.0 0.0 0.0 0.0 0.0 0.0 0.0 0.0 3278.0 0.0 0.0 0.0 1800.0 12155.0 59.0 0.0 1624.0 7592.0 53720.0 
14728.0 0.0 0.0 0.0 0.0 0.0 0.0 0.0 0.0 0.0 0.0 0.0 0.0 0.0 0.0 0.0 9781.0 4.0 0.0 0.0 631.0 315.0 0.0 0.0 0.0 0.0 0.0 0.0 0.0 0.0 0.0 0.0 1160.0 142.0 0.0 0.0 7597.0 4547.0 0.0 0.0 0.0 1.0 0.0 0.0 0.0 0.0 0.0 0.0 0.0 5.0 0.0 0.0 4245.0 54891.0 0.0 0.0 3.0 128.0 0.0 0.0 0.0 126.0 0.0 0.0 
2242.0 0.0 0.0 0.0 0.0 0.0 0.0 0.0 0.0 0.0 0.0 0.0 0.0 0.0 0.0 0.0 11956.0 4.0 0.0 0.0 2183.0 4454.0 0.0 0.0 0.0 0.0 0.0 0.0 0.0 0.0 0.0 0.0 8110.0 6.0 0.0 0.0 366.0 15527.0 0.0 0.0 25.0 2.0 0.0 0.0 0.0 0.0 0.0 0.0 9104.0 3958.0 0.0 0.0 4798.0 30223.0 0.0 0.0 1412.0 1966.0 0.0 0.0 0.0 866.0 493.0 609.0 
8823.0 0.0 0.0 0.0 3567.0 731.0 0.0 0.0 0.0 0.0 0.0 0.0 0.0 0.0 0.0 0.0 9486.0 121.0 0.0 0.0 1105.0 855.0 0.0 0.0 0.0 1.0 0.0 0.0 0.0 0.0 0.0 0.0 651.0 1564.0 0.0 0.0 72.0 886.0 0.0 0.0 1.0 0.0 0.0 0.0 0.0 0.0 0.0 0.0 0.0 4088.0 0.0 0.0 10.0 65676.0 0.0 0.0 0.0 426.0 227.0 0.0 0.0 5.0 9.0 0.0 
73.0 0.0 0.0 0.0 22071.0 0.0 0.0 0.0 0.0 0.0 0.0 0.0 0.0 0.0 0.0 0.0 1403.0 0.0 0.0 0.0 7823.0 264.0 0.0 0.0 12.0 28.0 0.0 0.0 0.0 0.0 0.0 0.0 1.0 0.0 0.0 0.0 6218.0 2260.0 0.0 0.0 909.0 2745.0 0.0 0.0 0.0 1.0 0.0 0.0 0.0 0.0 0.0 0.0 8764.0 41673.0 0.0 0.0 218.0 3522.0 0.0 0.0 0.0 278.0 41.0 0.0 
8630.0 0.0 0.0 0.0 199.0 46.0 0.0 0.0 0.0 0.0 0.0 0.0 0.0 0.0 0.0 0.0 27959.0 2855.0 0.0 0.0 485.0 1203.0 0.0 0.0 0.0 301.0 0.0 0.0 0.0 0.0 0.0 0.0 3082.0 15422.0 0.0 0.0 136.0 14376.0 0.0 0.0 2.0 65.0 2.0 0.0 0.0 0.0 0.0 0.0 0.0 1063.0 0.0 0.0 0.0 21023.0 115.0 0.0 1.0 462.0 596.0 3.0 0.0 75.0 108.0 95.0 
859.0 0.0 0.0 0.0 142.0 0.0 0.0 0.0 0.0 0.0 0.0 0.0 0.0 0.0 0.0 0.0 709.0 2.0 0.0 0.0 10387.0 977.0 0.0 0.0 0.0 0.0 0.0 0.0 0.0 0.0 0.0 0.0 0.0 3.0 0.0 0.0 13180.0 5177.0 0.0 0.0 3352.0 10057.0 0.0 0.0 0.0 1241.0 0.0 0.0 0.0 0.0 0.0 0.0 1472.0 1321.0 0.0 0.0 2697.0 19183.0 0.0 0.0 1.0 27544.0 0.0 0.0 
1077.0 0.0 0.0 0.0 1701.0 996.0 0.0 0.0 0.0 0.0 0.0 0.0 0.0 0.0 0.0 0.0 3126.0 1166.0 0.0 0.0 620.0 2021.0 1.0 0.0 0.0 351.0 121.0 0.0 0.0 0.0 0.0 0.0 218.0 19608.0 0.0 0.0 63.0 1390.0 4.0 0.0 1.0 1.0 15.0 0.0 0.0 0.0 0.0 0.0 0.0 29920.0 0.0 0.0 294.0 27597.0 4481.0 120.0 177.0 460.0 965.0 951.0 0.0 859.0 0.0 0.0 
408.0 0.0 0.0 0.0 392.0 0.0 0.0 0.0 0.0 0.0 0.0 0.0 0.0 0.0 0.0 0.0 1034.0 18749.0 0.0 0.0 1630.0 2391.0 0.0 0.0 0.0 0.0 0.0 0.0 0.0 0.0 0.0 0.0 4.0 23951.0 0.0 0.0 0.0 5765.0 202.0 0.0 0.0 0.0 6.0 0.0 0.0 0.0 0.0 0.0 0.0 14700.0 0.0 0.0 0.0 10306.0 16782.0 1733.0 0.0 0.0 133.0 118.0 0.0 0.0 0.0 0.0 
2715.0 3.0 0.0 0.0 383.0 124.0 0.0 0.0 0.0 0.0 0.0 0.0 0.0 0.0 0.0 0.0 7912.0 3803.0 0.0 0.0 1249.0 1421.0 0.0 0.0 395.0 166.0 0.0 0.0 0.0 0.0 0.0 0.0 1607.0 20754.0 0.0 0.0 2667.0 7829.0 0.0 0.0 630.0 842.0 0.0 0.0 0.0 1.0 0.0 0.0 1.0 8721.0 0.0 0.0 373.0 17251.0 0.0 0.0 1206.0 16946.0 965.0 0.0 0.0 293.0 47.0 0.0 
20743.0 0.0 0.0 0.0 2096.0 82.0 0.0 0.0 0.0 0.0 0.0 0.0 0.0 0.0 0.0 0.0 6.0 0.0 0.0 0.0 1996.0 32677.0 0.0 0.0 1.0 8092.0 866.0 143.0 0.0 0.0 0.0 0.0 0.0 0.0 0.0 0.0 0.0 164.0 0.0 0.0 0.0 7816.0 14645.0 1165.0 0.0 139.0 520.0 471.0 0.0 0.0 0.0 0.0 0.0 0.0 0.0 0.0 0.0 108.0 193.0 8.0 0.0 0.0 1011.0 5362.0 
50970.0 0.0 0.0 0.0 1013.0 12.0 0.0 0.0 2.0 0.0 0.0 0.0 0.0 0.0 0.0 0.0 3273.0 99.0 0.0 0.0 374.0 789.0 0.0 0.0 71.0 469.0 11.0 0.0 30.0 623.0 6.0 0.0 3390.0 1858.0 0.0 0.0 276.0 4240.0 51.0 0.0 0.0 766.0 409.0 0.0 0.0 515.0 606.0 22.0 806.0 3966.0 0.0 0.0 11.0 14654.0 4016.0 41.0 0.0 494.0 2568.0 762.0 0.0 21.0 400.0 690.0 
41462.0 0.0 0.0 0.0 253.0 0.0 0.0 0.0 0.0 0.0 0.0 0.0 0.0 0.0 0.0 0.0 1072.0 0.0 0.0 0.0 5864.0 3276.0 0.0 0.0 12.0 373.0 0.0 0.0 0.0 0.0 0.0 0.0 0.0 0.0 0.0 0.0 2991.0 900.0 0.0 0.0 6230.0 26141.0 132.0 0.0 0.0 0.0 0.0 0.0 0.0 0.0 0.0 0.0 0.0 0.0 0.0 0.0 1026.0 8565.0 6.0 0.0 0.0 1.0 0.0 0.0 
21791.0 5.0 0.0 0.0 174.0 0.0 0.0 0.0 0.0 0.0 0.0 0.0 0.0 0.0 0.0 0.0 451.0 0.0 0.0 0.0 3411.0 611.0 0.0 0.0 0.0 0.0 0.0 0.0 0.0 0.0 0.0 0.0 0.0 0.0 0.0 0.0 3349.0 2339.0 0.0 0.0 6677.0 44609.0 0.0 0.0 0.0 0.0 0.0 0.0 0.0 0.0 0.0 0.0 0.0 44.0 0.0 0.0 6.0 14837.0 0.0 0.0 0.0 0.0 0.0 0.0 
26431.0 34.0 0.0 0.0 10750.0 2211.0 0.0 0.0 0.0 0.0 0.0 0.0 0.0 0.0 0.0 0.0 98.0 0.0 0.0 0.0 8054.0 7105.0 0.0 0.0 5.0 123.0 6.0 0.0 0.0 0.0 0.0 0.0 0.0 0.0 0.0 0.0 6476.0 228.0 0.0 0.0 20627.0 3092.0 4.0 0.0 0.0 8.0 0.0 0.0 0.0 0.0 0.0 0.0 0.0 0.0 0.0 0.0 5018.0 5745.0 0.0 0.0 35.0 2231.0 23.0 0.0 
65927.0 0.0 0.0 0.0 11636.0 49.0 0.0 0.0 75.0 3.0 0.0 0.0 0.0 0.0 0.0 0.0 237.0 1.0 0.0 0.0 2933.0 1830.0 0.0 0.0 896.0 1091.0 5.0 0.0 0.0 1.0 1.0 0.0 0.0 0.0 0.0 0.0 251.0 147.0 0.0 0.0 1122.0 2972.0 625.0 6.0 0.0 36.0 88.0 8.0 0.0 0.0 0.0 0.0 0.0 0.0 0.0 0.0 351.0 3596.0 567.0 0.0 0.0 1002.0 2167.0 681.0 
22695.0 0.0 0.0 0.0 8411.0 3.0 0.0 0.0 0.0 0.0 0.0 0.0 0.0 0.0 0.0 0.0 1771.0 5.0 0.0 0.0 21356.0 11647.0 0.0 0.0 608.0 1421.0 0.0 0.0 0.0 0.0 0.0 0.0 4.0 0.0 0.0 0.0 267.0 973.0 0.0 0.0 259.0 1425.0 8.0 0.0 0.0 0.0 1.0 0.0 0.0 0.0 0.0 0.0 985.0 22551.0 87.0 0.0 1275.0 2226.0 159.0 0.0 0.0 166.0 1.0 0.0 
12626.0 6.0 0.0 0.0 7944.0 489.0 0.0 0.0 0.0 0.0 0.0 0.0 0.0 0.0 0.0 0.0 5043.0 1051.0 0.0 0.0 8333.0 19818.0 0.0 0.0 0.0 2795.0 54.0 0.0 0.0 0.0 0.0 0.0 3644.0 24923.0 0.0 0.0 1093.0 3168.0 0.0 0.0 54.0 912.0 209.0 0.0 0.0 4.0 42.0 0.0 2.0 1210.0 0.0 0.0 55.0 2564.0 99.0 0.0 25.0 1899.0 204.0 0.0 0.0 37.0 1.0 0.0 
0.0 0.0 0.0 0.0 348.0 63600.0 0.0 0.0 0.0 0.0 0.0 0.0 0.0 0.0 0.0 0.0 17.0 5.0 0.0 0.0 2718.0 5655.0 0.0 0.0 469.0 1020.0 3.0 0.0 0.0 0.0 0.0 0.0 1054.0 2403.0 0.0 0.0 804.0 2485.0 0.0 0.0 175.0 4338.0 123.0 0.0 0.0 1221.0 594.0 2.0 112.0 5431.0 0.0 0.0 1.0 2549.0 123.0 0.0 0.0 380.0 462.0 35.0 0.0 627.0 1234.0 316.0 
2227.0 636.0 0.0 0.0 38.0 367.0 5.0 0.0 0.0 0.0 0.0 0.0 0.0 0.0 0.0 0.0 311.0 12.0 0.0 0.0 266.0 3257.0 11612.0 942.0 0.0 8.0 5266.0 71569.0 0.0 0.0 0.0 0.0 0.0 0.0 0.0 0.0 0.0 139.0 61.0 0.0 0.0 48.0 538.0 60.0 0.0 0.0 28.0 36.0 0.0 0.0 0.0 0.0 0.0 49.0 0.0 0.0 0.0 0.0 53.0 8.0 0.0 0.0 119.0 649.0 
2535.0 119.0 0.0 0.0 52.0 27.0 0.0 0.0 0.0 0.0 0.0 0.0 0.0 0.0 0.0 0.0 125.0 25.0 0.0 0.0 225.0 37751.0 52888.0 0.0 0.0 0.0 14.0 0.0 0.0 0.0 0.0 0.0 0.0 0.0 0.0 0.0 0.0 36.0 28.0 0.0 0.0 4.0 2262.0 399.0 0.0 0.0 0.0 8.0 0.0 0.0 0.0 0.0 0.0 0.0 0.0 0.0 0.0 0.0 10.0 91.0 0.0 0.0 0.0 1705.0 
2268.0 496.0 0.0 0.0 31.0 61.0 0.0 0.0 0.0 0.0 0.0 0.0 0.0 0.0 0.0 0.0 78.0 131.0 0.0 0.0 480.0 11774.0 67154.0 0.0 0.0 12.0 8987.0 0.0 0.0 0.0 0.0 0.0 0.0 0.0 0.0 0.0 0.0 16.0 23.0 0.0 0.0 20.0 3092.0 597.0 0.0 0.0 1.0 21.0 0.0 0.0 0.0 0.0 0.0 0.0 0.0 0.0 0.0 0.0 13.0 105.0 0.0 0.0 3.0 2941.0 
1529.0 1002.0 0.0 0.0 1.0 287.0 1.0 0.0 0.0 0.0 0.0 0.0 0.0 0.0 0.0 0.0 105.0 169.0 0.0 0.0 17.0 1819.0 610.0 5.0 0.0 1.0 635.0 89980.0 0.0 0.0 0.0 0.0 0.0 0.0 0.0 0.0 0.0 138.0 16.0 0.0 0.0 193.0 583.0 544.0 0.0 0.0 12.0 215.0 0.0 0.0 0.0 0.0 0.0 0.0 0.0 0.0 0.0 41.0 23.0 3.0 0.0 0.0 93.0 282.0 
1745.0 481.0 0.0 0.0 0.0 961.0 0.0 0.0 0.0 0.0 0.0 0.0 0.0 0.0 0.0 0.0 85.0 34.0 0.0 0.0 0.0 4753.0 79766.0 0.0 0.0 0.0 5675.0 0.0 0.0 0.0 0.0 0.0 0.0 0.0 0.0 0.0 0.0 39.0 41.0 0.0 0.0 0.0 1984.0 672.0 0.0 0.0 0.0 57.0 0.0 0.0 0.0 0.0 0.0 0.0 0.0 0.0 0.0 0.0 30.0 126.0 0.0 0.0 0.0 1855.0 
3434.0 131.0 0.0 0.0 8.0 2.0 0.0 0.0 0.0 0.0 0.0 0.0 0.0 0.0 0.0 0.0 174.0 81.0 0.0 0.0 47.0 2894.0 500.0 0.0 0.0 0.0 3.0 0.0 0.0 0.0 0.0 0.0 0.0 1.0 0.0 0.0 0.0 252.0 449.0 0.0 0.0 1.0 1393.0 12609.0 0.0 0.0 0.0 3766.0 0.0 0.0 0.0 0.0 0.0 20.0 0.0 0.0 0.0 0.0 0.0 31.0 0.0 0.0 1.0 72507.0 
2274.0 701.0 0.0 0.0 5.0 247.0 0.0 0.0 0.0 0.0 0.0 0.0 0.0 0.0 0.0 0.0 693.0 464.0 0.0 0.0 940.0 8094.0 1025.0 0.0 0.0 0.0 206.0 0.0 0.0 0.0 0.0 0.0 0.0 0.0 0.0 0.0 145.0 275.0 100.0 0.0 6.0 92.0 1851.0 644.0 0.0 0.0 0.0 1162.0 0.0 0.0 0.0 0.0 0.0 0.0 0.0 0.0 0.0 11.0 64.0 98.0 0.0 0.0 25.0 79182.0 
955.0 269.0 0.0 0.0 0.0 91.0 62.0 6811.0 0.0 0.0 0.0 0.0 0.0 0.0 0.0 0.0 413.0 151.0 0.0 0.0 57.0 4542.0 1826.0 46415.0 0.0 1.0 197.0 29134.0 0.0 0.0 0.0 0.0 0.0 0.0 0.0 0.0 0.0 107.0 79.0 0.0 0.0 44.0 1284.0 2618.0 0.0 0.0 0.0 2015.0 0.0 0.0 0.0 0.0 0.0 0.0 0.0 0.0 0.0 0.0 57.0 38.0 0.0 0.0 54.0 1084.0 
1880.0 817.0 0.0 0.0 9.0 275.0 1873.0 0.0 0.0 0.0 0.0 0.0 0.0 0.0 0.0 0.0 365.0 127.0 0.0 0.0 429.0 2134.0 7470.0 2.0 0.0 1.0 26856.0 53413.0 0.0 0.0 0.0 0.0 4.0 30.0 0.0 0.0 0.0 41.0 21.0 0.0 0.0 1.0 498.0 510.0 0.0 0.0 0.0 450.0 14.0 28.0 0.0 0.0 0.0 13.0 1.0 0.0 0.0 1.0 18.0 2.0 0.0 0.0 0.0 1021.0 
5528.0 645.0 0.0 0.0 0.0 25.0 0.0 0.0 0.0 0.0 0.0 0.0 0.0 0.0 0.0 0.0 118.0 149.0 0.0 0.0 48.0 5044.0 172.0 0.0 0.0 0.0 46.0 0.0 0.0 0.0 0.0 0.0 0.0 0.0 0.0 0.0 0.0 137.0 340.0 0.0 0.0 12.0 1965.0 152.0 0.0 0.0 0.0 9871.0 0.0 0.0 0.0 0.0 0.0 0.0 0.0 0.0 0.0 0.0 0.0 5.0 0.0 0.0 1.0 74046.0 
2174.0 207.0 0.0 0.0 21.0 37.0 0.0 0.0 0.0 0.0 0.0 0.0 0.0 0.0 0.0 0.0 85.0 55.0 0.0 0.0 95.0 5609.0 1010.0 0.0 0.0 2.0 18.0 0.0 0.0 0.0 0.0 0.0 0.0 0.0 0.0 0.0 0.0 77.0 170.0 0.0 0.0 64.0 1888.0 1069.0 0.0 0.0 0.0 15440.0 0.0 0.0 0.0 0.0 0.0 0.0 0.0 0.0 0.0 5.0 48.0 62.0 0.0 0.0 34.0 70134.0 
4484.0 104.0 0.0 0.0 0.0 15.0 0.0 0.0 0.0 0.0 0.0 0.0 0.0 0.0 0.0 0.0 1.0 8.0 0.0 0.0 0.0 489.0 25.0 0.0 0.0 0.0 9.0 0.0 0.0 0.0 0.0 0.0 0.0 0.0 0.0 0.0 0.0 1.0 0.0 0.0 0.0 0.0 352.0 1096.0 0.0 0.0 1.0 8571.0 0.0 0.0 0.0 0.0 0.0 0.0 0.0 0.0 0.0 0.0 0.0 1.0 0.0 0.0 4.0 83143.0 
983.0 153.0 0.0 0.0 66.0 98.0 0.0 0.0 0.0 0.0 0.0 0.0 0.0 0.0 0.0 0.0 21.0 0.0 0.0 0.0 104.0 3384.0 273.0 0.0 0.0 96.0 259.0 0.0 0.0 0.0 0.0 0.0 0.0 0.0 0.0 0.0 0.0 8.0 4.0 0.0 0.0 50.0 2867.0 1275.0 0.0 0.0 1.0 20955.0 0.0 0.0 0.0 0.0 0.0 0.0 0.0 0.0 0.0 0.0 6.0 10.0 0.0 0.0 0.0 67691.0 
2179.0 822.0 0.0 0.0 0.0 764.0 18456.0 31028.0 0.0 0.0 0.0 0.0 0.0 0.0 0.0 0.0 1389.0 86.0 0.0 0.0 1314.0 3414.0 1894.0 18959.0 0.0 0.0 177.0 14622.0 0.0 0.0 0.0 0.0 0.0 0.0 0.0 0.0 28.0 1351.0 1030.0 0.0 0.0 6.0 421.0 59.0 0.0 0.0 0.0 7.0 0.0 0.0 0.0 0.0 0.0 5.0 63.0 0.0 0.0 0.0 31.0 18.0 0.0 0.0 6.0 175.0 
60.0 1856.0 0.0 0.0 0.0 115.0 6.0 0.0 0.0 0.0 0.0 0.0 0.0 0.0 0.0 0.0 0.0 307.0 0.0 0.0 0.0 1568.0 13768.0 77098.0 0.0 0.0 25.0 1813.0 0.0 0.0 0.0 0.0 0.0 0.0 0.0 0.0 0.0 0.0 112.0 16.0 0.0 0.0 252.0 1196.0 0.0 0.0 0.0 0.0 0.0 0.0 0.0 0.0 0.0 0.0 0.0 0.0 0.0 0.0 0.0 33.0 0.0 0.0 0.0 79.0 
4218.0 13.0 0.0 0.0 2260.0 81.0 0.0 0.0 0.0 0.0 0.0 0.0 0.0 0.0 0.0 0.0 888.0 37.0 0.0 0.0 9637.0 55806.0 0.0 0.0 646.0 8395.0 0.0 0.0 0.0 0.0 0.0 0.0 0.0 0.0 0.0 0.0 13.0 1038.0 23.0 0.0 786.0 10236.0 731.0 0.0 0.0 82.0 7.0 0.0 0.0 0.0 0.0 0.0 0.0 1.0 0.0 0.0 0.0 73.0 772.0 2.0 0.0 75.0 232.0 2252.0 
7354.0 25.0 0.0 0.0 9347.0 329.0 0.0 0.0 0.0 0.0 0.0 0.0 0.0 0.0 0.0 0.0 325.0 11.0 0.0 0.0 11271.0 30718.0 7.0 0.0 1792.0 13846.0 2.0 0.0 0.0 0.0 0.0 0.0 0.0 0.0 0.0 0.0 0.0 1269.0 30.0 0.0 736.0 8825.0 1489.0 0.0 2.0 2178.0 235.0 0.0 0.0 0.0 0.0 0.0 0.0 0.0 0.0 0.0 0.0 3.0 1011.0 520.0 0.0 1759.0 477.0 4743.0 
8159.0 21.0 0.0 0.0 7657.0 509.0 0.0 0.0 0.0 0.0 0.0 0.0 0.0 0.0 0.0 0.0 1137.0 88.0 0.0 0.0 14090.0 54512.0 14.0 0.0 35.0 3024.0 1.0 0.0 0.0 0.0 0.0 0.0 0.0 0.0 0.0 0.0 10.0 1661.0 37.0 0.0 50.0 5227.0 666.0 0.0 0.0 24.0 3.0 0.0 0.0 0.0 0.0 0.0 0.0 66.0 0.0 0.0 0.0 23.0 257.0 25.0 0.0 25.0 50.0 933.0 
3613.0 158.0 0.0 0.0 2059.0 504.0 0.0 0.0 0.0 0.0 0.0 0.0 0.0 0.0 0.0 0.0 364.0 64.0 0.0 0.0 4013.0 65719.0 51.0 0.0 191.0 6936.0 5.0 0.0 0.0 0.0 0.0 0.0 0.0 0.0 0.0 0.0 0.0 1152.0 136.0 0.0 57.0 7713.0 1898.0 1.0 0.0 595.0 148.0 0.0 0.0 0.0 0.0 0.0 0.0 0.0 0.0 0.0 0.0 0.0 906.0 303.0 0.0 178.0 155.0 1385.0 
6218.0 17.0 0.0 0.0 3237.0 535.0 0.0 0.0 0.0 0.0 0.0 0.0 0.0 0.0 0.0 0.0 1402.0 3.0 0.0 0.0 5534.0 38552.0 168.0 0.0 0.0 14078.0 2276.0 306.0 0.0 0.0 6.0 94.0 0.0 0.0 0.0 0.0 56.0 6216.0 0.0 0.0 0.0 10197.0 3772.0 138.0 0.0 215.0 355.0 1109.0 0.0 0.0 0.0 0.0 0.0 70.0 0.0 0.0 0.0 441.0 1164.0 0.0 0.0 0.0 943.0 1202.0 
13899.0 42.0 0.0 0.0 8183.0 81.0 0.0 0.0 0.0 0.0 0.0 0.0 0.0 0.0 0.0 0.0 7443.0 91.0 0.0 0.0 28126.0 27349.0 189.0 0.0 0.0 7.0 1.0 0.0 0.0 0.0 0.0 0.0 0.0 0.0 0.0 0.0 0.0 1248.0 108.0 0.0 0.0 500.0 2015.0 50.0 0.0 0.0 0.0 0.0 0.0 0.0 0.0 0.0 0.0 0.0 0.0 0.0 0.0 23.0 2409.0 147.0 0.0 0.0 1003.0 5390.0 
2336.0 3.0 0.0 0.0 2886.0 1109.0 0.0 0.0 0.0 0.0 0.0 0.0 0.0 0.0 0.0 0.0 4524.0 43.0 0.0 0.0 9186.0 57237.0 719.0 0.0 0.0 214.0 377.0 0.0 0.0 0.0 0.0 0.0 0.0 0.0 0.0 0.0 640.0 4021.0 29.0 0.0 0.0 693.0 1576.0 30.0 0.0 0.0 17.0 1.0 0.0 0.0 0.0 0.0 0.0 60.0 0.0 0.0 0.0 311.0 322.0 2.0 0.0 0.0 2238.0 9730.0 
1980.0 32.0 0.0 0.0 687.0 308.0 0.0 0.0 0.0 0.0 0.0 0.0 0.0 0.0 0.0 0.0 310.0 148.0 0.0 0.0 3935.0 14824.0 21.0 0.0 1987.0 32217.0 3.0 0.0 0.0 0.0 0.0 0.0 0.0 0.0 0.0 0.0 6.0 1618.0 38.0 0.0 2471.0 22304.0 300.0 6.0 130.0 7070.0 129.0 0.0 0.0 0.0 0.0 0.0 0.0 498.0 0.0 0.0 0.0 41.0 164.0 51.0 45.0 4661.0 289.0 2031.0 
6371.0 24.0 0.0 0.0 6761.0 737.0 0.0 0.0 0.0 0.0 0.0 0.0 0.0 0.0 0.0 0.0 1694.0 5.0 0.0 0.0 7064.0 48918.0 688.0 0.0 0.0 6916.0 1541.0 528.0 0.0 0.0 0.0 0.0 0.0 0.0 0.0 0.0 17.0 4275.0 33.0 0.0 0.0 3282.0 3066.0 59.0 0.0 0.0 51.0 18.0 0.0 0.0 0.0 0.0 0.0 0.0 0.0 0.0 0.0 115.0 1248.0 0.0 0.0 0.0 1019.0 3874.0 
20953.0 79.0 0.0 0.0 15965.0 259.0 0.0 0.0 0.0 0.0 0.0 0.0 0.0 0.0 0.0 0.0 1933.0 40.0 0.0 0.0 11188.0 38507.0 9.0 0.0 0.0 585.0 2.0 0.0 0.0 0.0 0.0 0.0 0.0 0.0 0.0 0.0 0.0 1035.0 58.0 0.0 0.0 640.0 2138.0 0.0 0.0 0.0 0.0 0.0 0.0 0.0 0.0 0.0 0.0 0.0 0.0 0.0 0.0 91.0 2110.0 251.0 0.0 0.0 244.0 2217.0 
11318.0 9396.0 0.0 0.0 2861.0 7496.0 0.0 0.0 0.0 0.0 0.0 0.0 0.0 0.0 0.0 0.0 2888.0 258.0 0.0 0.0 5292.0 39632.0 2203.0 0.0 0.0 6383.0 822.0 0.0 0.0 0.0 0.0 0.0 0.0 0.0 0.0 0.0 498.0 2304.0 74.0 0.0 0.0 508.0 2139.0 1690.0 0.0 0.0 0.0 51.0 0.0 0.0 0.0 0.0 0.0 21.0 0.0 0.0 0.0 124.0 488.0 89.0 0.0 1.0 493.0 1275.0 
