98304.0 13959.0 8107.0 4777.0 3996.0 3103.0 2497.0 2291.0 2336.0 3034.0 4337.0 5813.0 7476.0 7553.0 6900.0 5856.0 3925.0 2693.0 2031.0 759.0 594.0 1583.0 2408.0 1954.0 321.0 1.0 
98304.0 2244.0 5250.0 7592.0 9972.0 10048.0 8503.0 7820.0 6814.0 5394.0 3490.0 1949.0 983.0 654.0 562.0 623.0 1144.0 1423.0 2455.0 3046.0 3397.0 4058.0 3673.0 6582.0 549.0 79.0 
98304.0 432.0 844.0 1421.0 2063.0 2516.0 3097.0 3806.0 4980.0 6825.0 8035.0 10229.0 12102.0 12181.0 14908.0 12144.0 2103.0 446.0 101.0 30.0 23.0 12.0 4.0 2.0 0.0 0.0 
98304.0 6535.0 15373.0 2535.0 2873.0 2721.0 2692.0 2233.0 1978.0 1725.0 1575.0 2064.0 3481.0 5736.0 7675.0 7006.0 6411.0 4313.0 3834.0 4328.0 5474.0 3645.0 2169.0 1679.0 229.0 20.0 
98304.0 2123.0 4578.0 2145.0 2637.0 3885.0 4116.0 3928.0 3786.0 3669.0 4769.0 6151.0 7248.0 7612.0 7956.0 5892.0 4316.0 5186.0 5661.0 4943.0 3307.0 1886.0 1180.0 910.0 386.0 34.0 
98304.0 3304.0 10333.0 6182.0 4766.0 4322.0 4484.0 4777.0 5780.0 7499.0 8404.0 7417.0 4301.0 2604.0 2400.0 2002.0 1769.0 1547.0 1742.0 1817.0 1741.0 2686.0 3869.0 3477.0 838.0 243.0 
98304.0 4805.0 5019.0 3344.0 3094.0 3457.0 4119.0 4592.0 4441.0 3981.0 3371.0 3264.0 3106.0 3054.0 3046.0 2951.0 2968.0 3736.0 5837.0 7858.0 4881.0 8994.0 7415.0 529.0 361.0 81.0 
98304.0 1573.0 4290.0 5612.0 6408.0 7143.0 7805.0 8165.0 8494.0 9380.0 9069.0 7162.0 4471.0 3619.0 2515.0 488.0 257.0 104.0 59.0 51.0 52.0 293.0 1135.0 9935.0 223.0 1.0 
98304.0 6171.0 6601.0 5177.0 5863.0 5074.0 3800.0 4312.0 6096.0 8548.0 9000.0 8031.0 5546.0 4714.0 3428.0 2512.0 1572.0 659.0 322.0 233.0 137.0 116.0 104.0 10071.0 217.0 0.0 
98304.0 1921.0 6403.0 10943.0 8362.0 8129.0 10053.0 8436.0 7130.0 5907.0 4542.0 6175.0 2546.0 678.0 408.0 328.0 276.0 286.0 284.0 239.0 267.0 284.0 423.0 12933.0 1235.0 116.0 
98304.0 1499.0 3294.0 4086.0 4626.0 4906.0 5754.0 10677.0 16303.0 17434.0 11792.0 4385.0 3266.0 2772.0 2421.0 1323.0 464.0 287.0 297.0 310.0 338.0 514.0 379.0 930.0 236.0 11.0 
98304.0 2071.0 4332.0 3900.0 3501.0 3647.0 4255.0 5429.0 6783.0 7542.0 5765.0 5720.0 14368.0 13314.0 6619.0 3236.0 1699.0 1271.0 891.0 844.0 612.0 560.0 619.0 1119.0 188.0 19.0 
98304.0 2587.0 3760.0 2561.0 2268.0 2368.0 2455.0 2527.0 2939.0 3390.0 4156.0 5946.0 9748.0 13254.0 12656.0 8654.0 4914.0 2382.0 827.0 351.0 130.0 71.0 83.0 9420.0 846.0 11.0 
98304.0 8263.0 2176.0 1578.0 2097.0 3100.0 4057.0 5370.0 6317.0 6743.0 7350.0 8757.0 9749.0 7053.0 2825.0 669.0 174.0 91.0 145.0 714.0 2449.0 4721.0 2832.0 10978.0 89.0 7.0 
98304.0 6253.0 10198.0 8286.0 6715.0 5968.0 6040.0 6217.0 7017.0 8273.0 8457.0 6378.0 2532.0 764.0 413.0 362.0 267.0 275.0 256.0 301.0 619.0 1528.0 2186.0 8508.0 455.0 36.0 
98304.0 1745.0 3200.0 2702.0 2923.0 3712.0 4631.0 5922.0 6758.0 7107.0 7176.0 8550.0 8920.0 9168.0 7125.0 5120.0 6463.0 4741.0 1700.0 455.0 129.0 40.0 16.0 1.0 0.0 0.0 
98304.0 2703.0 7210.0 3534.0 3616.0 4900.0 6573.0 7702.0 7864.0 6969.0 5188.0 3936.0 5151.0 5129.0 5655.0 3359.0 4203.0 3549.0 3806.0 5032.0 856.0 556.0 378.0 238.0 156.0 41.0 
98304.0 145.0 962.0 1773.0 4172.0 7686.0 9891.0 11635.0 12077.0 9778.0 8441.0 7567.0 6326.0 4623.0 3116.0 2502.0 1951.0 1502.0 1235.0 806.0 504.0 473.0 390.0 413.0 284.0 52.0 
98304.0 1358.0 1476.0 2063.0 2242.0 2519.0 3018.0 3565.0 4278.0 5714.0 7645.0 9945.0 13010.0 13131.0 5935.0 1807.0 1005.0 1127.0 1631.0 2204.0 3744.0 4473.0 3334.0 2760.0 308.0 12.0 
98304.0 675.0 1668.0 2149.0 2184.0 2612.0 3330.0 4107.0 5042.0 6625.0 9709.0 14813.0 16391.0 12907.0 7474.0 3464.0 1390.0 766.0 640.0 445.0 376.0 312.0 387.0 522.0 273.0 43.0 
98304.0 1181.0 1551.0 1684.0 1578.0 1657.0 1652.0 1856.0 2289.0 2903.0 3516.0 4387.0 5340.0 6483.0 8048.0 9205.0 7768.0 5082.0 2939.0 2764.0 7618.0 7864.0 10727.0 191.0 20.0 1.0 
98304.0 2376.0 2136.0 1400.0 1117.0 1014.0 1085.0 1463.0 2321.0 4304.0 7423.0 11478.0 14316.0 12242.0 6046.0 1902.0 686.0 270.0 868.0 1844.0 4202.0 6856.0 6903.0 5787.0 245.0 20.0 
98304.0 2163.0 1094.0 727.0 864.0 1371.0 2244.0 3736.0 6276.0 9031.0 9832.0 9529.0 9418.0 7773.0 4645.0 2908.0 2955.0 4265.0 4350.0 4473.0 4115.0 2862.0 1863.0 1469.0 328.0 13.0 
98304.0 2083.0 1338.0 1975.0 3942.0 7173.0 8662.0 7055.0 5402.0 4995.0 4934.0 5928.0 6127.0 6277.0 5375.0 4625.0 5173.0 5318.0 4136.0 2941.0 2313.0 1188.0 557.0 532.0 248.0 7.0 
60501.0 139.0 175.0 215.0 298.0 561.0 921.0 1220.0 1704.0 2614.0 3806.0 6017.0 7003.0 5710.0 4182.0 2899.0 1830.0 1103.0 739.0 457.0 280.0 210.0 227.0 1282.0 7913.0 8996.0 
98304.0 3563.0 4629.0 4842.0 4940.0 5499.0 5877.0 6374.0 6994.0 7785.0 8462.0 9064.0 9136.0 8075.0 5850.0 3790.0 1887.0 878.0 388.0 192.0 60.0 18.0 0.0 1.0 0.0 0.0 
98304.0 1669.0 3536.0 3609.0 3791.0 4023.0 4411.0 4895.0 5534.0 6131.0 6675.0 7403.0 8093.0 7953.0 7055.0 4582.0 2452.0 1645.0 2197.0 3909.0 5078.0 2873.0 604.0 149.0 30.0 7.0 
98304.0 67.0 1719.0 3574.0 4761.0 6689.0 7822.0 8132.0 8252.0 8238.0 7845.0 7671.0 8060.0 10356.0 9450.0 4219.0 954.0 270.0 104.0 43.0 31.0 20.0 16.0 9.0 2.0 0.0 
98304.0 432.0 1536.0 2339.0 2702.0 3323.0 3658.0 4009.0 4121.0 4211.0 4576.0 5107.0 5708.0 6497.0 7647.0 9308.0 9578.0 7995.0 7798.0 5801.0 1613.0 307.0 34.0 2.0 2.0 0.0 
98304.0 200.0 875.0 1720.0 1813.0 1850.0 1735.0 1897.0 1999.0 2464.0 2871.0 4063.0 5499.0 8062.0 11086.0 12028.0 9643.0 6706.0 7340.0 8839.0 5640.0 1842.0 115.0 15.0 2.0 0.0 
98304.0 982.0 2146.0 4213.0 7613.0 8724.0 8850.0 8951.0 7887.0 7301.0 6436.0 5758.0 5340.0 5263.0 4902.0 4471.0 3415.0 2323.0 1459.0 944.0 561.0 429.0 235.0 73.0 21.0 7.0 
98304.0 427.0 1118.0 1846.0 2377.0 3058.0 3388.0 3933.0 4540.0 5368.0 6139.0 7067.0 7856.0 8235.0 7597.0 7298.0 7088.0 7844.0 6901.0 4026.0 1644.0 457.0 80.0 16.0 1.0 0.0 
98304.0 1.0 1164.0 16879.0 9336.0 8325.0 5072.0 5316.0 5065.0 4299.0 4513.0 5181.0 6205.0 5007.0 5874.0 5425.0 3515.0 1887.0 1294.0 894.0 650.0 266.0 122.0 1816.0 198.0 0.0 
98304.0 14383.0 6298.0 3642.0 3536.0 3282.0 2776.0 2603.0 2907.0 8829.0 7647.0 6455.0 5510.0 5190.0 5022.0 3237.0 1566.0 1306.0 1357.0 1841.0 3354.0 6709.0 92.0 684.0 78.0 0.0 
98304.0 0.0 0.0 91.0 1768.0 6660.0 7407.0 5561.0 6130.0 5842.0 8083.0 11361.0 12560.0 11575.0 10758.0 6903.0 2310.0 1094.0 196.0 5.0 0.0 0.0 0.0 0.0 0.0 0.0 
98304.0 860.0 4989.0 7869.0 5860.0 5744.0 4516.0 3184.0 4363.0 6084.0 8941.0 14838.0 15884.0 7939.0 4789.0 1822.0 352.0 44.0 21.0 29.0 23.0 88.0 63.0 2.0 0.0 0.0 
98304.0 4425.0 6547.0 729.0 742.0 547.0 488.0 16761.0 55948.0 932.0 1044.0 2170.0 2917.0 2564.0 1852.0 638.0 0.0 0.0 0.0 0.0 0.0 0.0 0.0 0.0 0.0 0.0 
98304.0 10606.0 16230.0 8263.0 3411.0 3812.0 4860.0 5678.0 3261.0 3984.0 4493.0 6575.0 6668.0 6882.0 5644.0 4184.0 3143.0 581.0 29.0 0.0 0.0 0.0 0.0 0.0 0.0 0.0 
98304.0 668.0 14549.0 17022.0 12392.0 7274.0 6062.0 6357.0 5909.0 6178.0 4956.0 4132.0 3566.0 2934.0 4503.0 1514.0 252.0 33.0 3.0 0.0 0.0 0.0 0.0 0.0 0.0 0.0 
98304.0 20813.0 9714.0 6079.0 3627.0 2764.0 2959.0 3752.0 3714.0 4021.0 5440.0 7441.0 7374.0 10123.0 5939.0 2195.0 1599.0 719.0 29.0 1.0 1.0 0.0 0.0 0.0 0.0 0.0 
98304.0 399.0 12135.0 10106.0 6277.0 6798.0 8093.0 11591.0 8131.0 5058.0 4530.0 4911.0 4658.0 4305.0 3225.0 2578.0 1896.0 1641.0 1411.0 535.0 23.0 3.0 0.0 0.0 0.0 0.0 
98304.0 66259.0 4542.0 321.0 349.0 4492.0 7902.0 2795.0 2267.0 2330.0 1983.0 1437.0 908.0 557.0 399.0 296.0 266.0 275.0 191.0 201.0 473.0 61.0 0.0 0.0 0.0 0.0 
98304.0 79943.0 2505.0 1372.0 1116.0 2267.0 1931.0 1356.0 1134.0 1122.0 822.0 701.0 459.0 386.0 333.0 266.0 221.0 233.0 219.0 306.0 1316.0 262.0 33.0 1.0 0.0 0.0 
98304.0 9355.0 7320.0 17340.0 16512.0 18300.0 10688.0 5083.0 4335.0 2967.0 2230.0 1484.0 992.0 522.0 303.0 223.0 209.0 177.0 115.0 81.0 44.0 19.0 5.0 0.0 0.0 0.0 
98304.0 1628.0 5235.0 9274.0 13222.0 13062.0 9398.0 7661.0 7265.0 6796.0 8628.0 10563.0 3314.0 1069.0 291.0 79.0 24.0 23.0 19.0 19.0 39.0 260.0 432.0 3.0 0.0 0.0 
98304.0 26965.0 7725.0 5350.0 5819.0 4505.0 3477.0 2630.0 2954.0 3999.0 4679.0 4060.0 3119.0 2816.0 3443.0 4201.0 5801.0 5003.0 1271.0 383.0 96.0 7.0 1.0 0.0 0.0 0.0 
98304.0 16095.0 12388.0 12965.0 9723.0 9275.0 9939.0 5192.0 3789.0 2430.0 2428.0 2316.0 2270.0 2148.0 1701.0 1252.0 1226.0 1145.0 790.0 727.0 375.0 127.0 3.0 0.0 0.0 0.0 
98304.0 26447.0 6658.0 5667.0 4647.0 5503.0 8674.0 6000.0 5388.0 5763.0 5771.0 4408.0 4127.0 2301.0 1545.0 1141.0 875.0 617.0 603.0 880.0 869.0 392.0 28.0 0.0 0.0 0.0 
98304.0 0.0 0.0 0.0 0.0 1.0 6.0 17.0 21.0 15.0 45.0 197.0 718.0 8501.0 7346.0 2942.0 1446.0 1175.0 1589.0 1408.0 5463.0 13836.0 10789.0 41419.0 1357.0 13.0 
98304.0 115.0 184.0 371.0 758.0 836.0 1332.0 2429.0 771.0 673.0 1017.0 1415.0 1533.0 1085.0 1041.0 1020.0 4607.0 19991.0 10278.0 26792.0 21832.0 200.0 20.0 4.0 0.0 0.0 
98304.0 127.0 248.0 434.0 2153.0 2251.0 1347.0 881.0 812.0 817.0 2601.0 5622.0 3933.0 1723.0 1419.0 1408.0 1354.0 1293.0 1543.0 4408.0 11661.0 12275.0 19975.0 19689.0 320.0 10.0 
98304.0 534.0 988.0 1397.0 1061.0 1461.0 2248.0 10769.0 5634.0 2493.0 2216.0 1995.0 1840.0 1577.0 1282.0 1147.0 984.0 1643.0 10258.0 7171.0 9414.0 9480.0 10835.0 11790.0 74.0 13.0 
98304.0 131.0 448.0 597.0 1420.0 1728.0 1259.0 1547.0 3404.0 2466.0 1981.0 1621.0 1582.0 1136.0 749.0 695.0 753.0 950.0 1095.0 4733.0 6612.0 13912.0 22811.0 26309.0 354.0 11.0 
98304.0 98.0 122.0 86.0 103.0 471.0 2544.0 3121.0 1458.0 1636.0 1842.0 1061.0 614.0 666.0 807.0 1161.0 6014.0 8965.0 12076.0 21401.0 33540.0 502.0 16.0 0.0 0.0 0.0 
98304.0 3813.0 2751.0 1417.0 2279.0 7805.0 15018.0 11765.0 7598.0 5979.0 5060.0 4166.0 3329.0 2511.0 1905.0 1922.0 2090.0 2542.0 3804.0 11813.0 654.0 80.0 3.0 0.0 0.0 0.0 
98304.0 0.0 0.0 0.0 1.0 53.0 870.0 4703.0 3991.0 2022.0 1303.0 1034.0 1543.0 1443.0 1740.0 1298.0 998.0 998.0 1569.0 6054.0 9953.0 9940.0 12256.0 36363.0 172.0 0.0 
98304.0 14350.0 1361.0 1488.0 2886.0 2805.0 2527.0 2941.0 3510.0 4374.0 6708.0 8928.0 11815.0 12196.0 16002.0 6167.0 72.0 10.0 7.0 18.0 21.0 94.0 24.0 0.0 0.0 0.0 
98304.0 1223.0 1984.0 2642.0 4170.0 4746.0 5269.0 6024.0 8523.0 13735.0 15009.0 11661.0 7564.0 5043.0 3605.0 2146.0 1403.0 814.0 516.0 301.0 243.0 263.0 565.0 855.0 0.0 0.0 
98304.0 2.0 131.0 12143.0 7236.0 4282.0 1610.0 1084.0 1186.0 5748.0 6345.0 15578.0 18651.0 15829.0 6670.0 1048.0 269.0 155.0 124.0 125.0 72.0 14.0 2.0 0.0 0.0 0.0 
98304.0 0.0 1.0 19872.0 5176.0 1299.0 1015.0 947.0 1343.0 2090.0 3707.0 9286.0 17673.0 17730.0 11097.0 2787.0 1607.0 1153.0 787.0 346.0 198.0 137.0 50.0 3.0 0.0 0.0 
98304.0 43.0 9674.0 6991.0 9729.0 10322.0 10449.0 10243.0 8030.0 7257.0 6349.0 5689.0 5140.0 3852.0 2131.0 758.0 466.0 320.0 272.0 186.0 128.0 95.0 62.0 102.0 16.0 0.0 
98304.0 0.0 0.0 937.0 736.0 1624.0 3564.0 2299.0 2014.0 2652.0 2798.0 5258.0 6708.0 4665.0 4906.0 4982.0 5035.0 7071.0 12667.0 20818.0 9362.0 207.0 1.0 0.0 0.0 0.0 
98304.0 0.0 217.0 1542.0 2005.0 2932.0 8043.0 12833.0 13020.0 14668.0 11826.0 11063.0 6526.0 3800.0 2929.0 2019.0 1401.0 999.0 669.0 511.0 422.0 530.0 344.0 5.0 0.0 0.0 
98304.0 0.0 0.0 656.0 5824.0 17372.0 10945.0 10873.0 9348.0 9309.0 7599.0 5527.0 4399.0 4164.0 3888.0 4250.0 3388.0 725.0 29.0 6.0 2.0 0.0 0.0 0.0 0.0 0.0 
98304.0 0.0 7.0 3887.0 4144.0 5857.0 10335.0 15881.0 9731.0 4389.0 3120.0 2775.0 3467.0 4488.0 5307.0 6155.0 7079.0 5864.0 3195.0 1732.0 722.0 165.0 4.0 0.0 0.0 0.0 
98304.0 5885.0 12250.0 2980.0 2449.0 1188.0 911.0 1024.0 1533.0 2809.0 4680.0 10437.0 12069.0 6395.0 5778.0 3938.0 3637.0 3142.0 3928.0 5858.0 3367.0 2627.0 610.0 601.0 199.0 9.0 
98304.0 49586.0 2333.0 1396.0 1142.0 1682.0 2207.0 3515.0 3204.0 3046.0 3426.0 3985.0 3795.0 3460.0 3124.0 2820.0 2557.0 2014.0 1586.0 1133.0 742.0 567.0 479.0 366.0 130.0 9.0 
98304.0 1153.0 39400.0 1972.0 1158.0 963.0 836.0 848.0 907.0 1073.0 1402.0 2218.0 3187.0 4610.0 6272.0 9882.0 11061.0 6812.0 4439.0 111.0 0.0 0.0 0.0 0.0 0.0 0.0 
98304.0 1.0 18000.0 4302.0 689.0 755.0 914.0 755.0 605.0 567.0 469.0 581.0 2583.0 10489.0 17524.0 17983.0 15053.0 7016.0 18.0 0.0 0.0 0.0 0.0 0.0 0.0 0.0 
98304.0 15886.0 8380.0 7513.0 6222.0 4188.0 3485.0 2460.0 1893.0 1501.0 1682.0 2614.0 4587.0 8152.0 8232.0 3928.0 4378.0 6363.0 4230.0 2022.0 479.0 75.0 26.0 7.0 1.0 0.0 
98304.0 995.0 64232.0 2367.0 1914.0 2252.0 3257.0 3367.0 1685.0 1266.0 1178.0 987.0 804.0 792.0 851.0 1195.0 1546.0 1987.0 2104.0 1754.0 1541.0 1133.0 636.0 361.0 91.0 9.0 
98304.0 17297.0 5261.0 3745.0 3339.0 4235.0 5410.0 5853.0 6545.0 5828.0 4281.0 3864.0 4908.0 11910.0 8646.0 3162.0 1833.0 1178.0 529.0 308.0 158.0 13.0 1.0 0.0 0.0 0.0 
98304.0 10.0 2238.0 14534.0 8241.0 10686.0 20049.0 18080.0 4730.0 3686.0 2929.0 2573.0 2492.0 2448.0 1724.0 1286.0 1031.0 696.0 524.0 273.0 64.0 10.0 0.0 0.0 0.0 0.0 
98304.0 0.0 0.0 30.0 2612.0 34787.0 30202.0 7865.0 4044.0 2581.0 1865.0 1428.0 1358.0 1228.0 1404.0 1402.0 1225.0 1187.0 1257.0 1202.0 925.0 723.0 528.0 356.0 88.0 7.0 
98304.0 622.0 1138.0 1326.0 927.0 770.0 568.0 485.0 430.0 453.0 772.0 2937.0 12172.0 45018.0 20000.0 9332.0 126.0 112.0 138.0 128.0 167.0 129.0 151.0 227.0 158.0 18.0 
98304.0 808.0 803.0 1057.0 646.0 317.0 257.0 335.0 1607.0 7643.0 22459.0 38097.0 19245.0 531.0 281.0 474.0 693.0 506.0 347.0 341.0 383.0 355.0 296.0 496.0 298.0 29.0 
98304.0 877.0 738.0 1086.0 1242.0 1118.0 896.0 674.0 770.0 1008.0 4943.0 17898.0 30288.0 25316.0 5380.0 383.0 334.0 760.0 883.0 580.0 379.0 394.0 706.0 1106.0 501.0 44.0 
98304.0 1120.0 695.0 734.0 689.0 406.0 278.0 245.0 258.0 222.0 182.0 201.0 924.0 7402.0 58549.0 24343.0 567.0 347.0 279.0 261.0 394.0 156.0 46.0 6.0 0.0 0.0 
98304.0 1045.0 825.0 434.0 954.0 1278.0 1046.0 546.0 558.0 3109.0 17202.0 21813.0 29084.0 15144.0 690.0 397.0 393.0 543.0 566.0 550.0 515.0 388.0 378.0 483.0 299.0 64.0 
98304.0 2274.0 911.0 473.0 427.0 361.0 282.0 243.0 336.0 377.0 595.0 491.0 443.0 639.0 604.0 436.0 210.0 187.0 958.0 8875.0 16582.0 33328.0 16680.0 11902.0 663.0 27.0 
98304.0 383.0 2022.0 1181.0 897.0 1233.0 1274.0 1225.0 1676.0 2337.0 578.0 719.0 665.0 816.0 695.0 606.0 390.0 383.0 350.0 444.0 588.0 8909.0 25284.0 44620.0 981.0 48.0 
98304.0 316.0 612.0 576.0 663.0 779.0 912.0 876.0 618.0 606.0 15868.0 28446.0 17473.0 8685.0 11445.0 2307.0 1513.0 1235.0 1270.0 1236.0 1383.0 563.0 209.0 410.0 272.0 31.0 
98304.0 536.0 1385.0 1028.0 839.0 657.0 441.0 350.0 456.0 1376.0 2199.0 3623.0 7630.0 13597.0 22410.0 38559.0 1245.0 254.0 146.0 128.0 264.0 299.0 272.0 323.0 221.0 66.0 
98304.0 3200.0 2043.0 984.0 462.0 412.0 458.0 406.0 358.0 444.0 612.0 780.0 1053.0 1079.0 840.0 576.0 308.0 112.0 75.0 181.0 1791.0 29569.0 32268.0 19934.0 302.0 57.0 
98304.0 769.0 931.0 713.0 468.0 637.0 771.0 779.0 758.0 778.0 701.0 737.0 740.0 712.0 620.0 515.0 443.0 391.0 432.0 491.0 11327.0 38618.0 25764.0 9260.0 631.0 318.0 
98304.0 3438.0 965.0 168.0 101.0 89.0 62.0 49.0 54.0 47.0 28.0 46.0 46.0 43.0 43.0 41.0 48.0 59.0 63.0 699.0 10911.0 53750.0 23957.0 3168.0 341.0 88.0 
98304.0 507.0 379.0 258.0 430.0 364.0 331.0 352.0 330.0 412.0 398.0 388.0 458.0 786.0 700.0 529.0 644.0 697.0 412.0 2233.0 9646.0 34557.0 26671.0 16476.0 295.0 51.0 
98304.0 1661.0 1163.0 939.0 950.0 1649.0 1752.0 3287.0 7879.0 15740.0 22545.0 19874.0 14265.0 3467.0 1323.0 877.0 519.0 114.0 41.0 44.0 38.0 52.0 83.0 37.0 5.0 0.0 
98304.0 158.0 496.0 954.0 972.0 507.0 317.0 209.0 489.0 7722.0 14754.0 23022.0 26685.0 18113.0 2415.0 515.0 436.0 230.0 113.0 75.0 46.0 27.0 16.0 16.0 15.0 2.0 
98304.0 1250.0 2114.0 2006.0 1592.0 2005.0 2964.0 3566.0 5092.0 8391.0 12680.0 17969.0 16045.0 9576.0 4749.0 2291.0 1506.0 897.0 560.0 357.0 279.0 221.0 390.0 1483.0 291.0 30.0 
98304.0 1770.0 3802.0 4678.0 5278.0 4993.0 4644.0 4559.0 5272.0 6705.0 8544.0 9796.0 8248.0 6012.0 4311.0 3138.0 2599.0 2200.0 2031.0 1893.0 1686.0 1934.0 2268.0 1709.0 203.0 31.0 
98304.0 1933.0 4235.0 4884.0 5746.0 7168.0 8342.0 9411.0 9481.0 9545.0 9846.0 10074.0 7342.0 4021.0 2312.0 1249.0 776.0 421.0 277.0 149.0 126.0 106.0 122.0 472.0 247.0 19.0 
98304.0 697.0 1670.0 2188.0 2871.0 2865.0 3108.0 2951.0 4189.0 10209.0 21468.0 19430.0 8312.0 4397.0 3138.0 2618.0 2105.0 1701.0 1214.0 935.0 744.0 476.0 332.0 489.0 187.0 10.0 
98304.0 2057.0 2867.0 2946.0 3352.0 3909.0 4662.0 5529.0 6419.0 7507.0 8397.0 8548.0 8208.0 7848.0 7105.0 5694.0 4124.0 2650.0 1886.0 1653.0 1142.0 581.0 459.0 435.0 275.0 51.0 
98304.0 1795.0 7605.0 8849.0 15805.0 17685.0 13900.0 9941.0 5428.0 2277.0 1242.0 833.0 666.0 577.0 628.0 574.0 577.0 626.0 745.0 981.0 1422.0 1893.0 1859.0 1792.0 579.0 25.0 
98304.0 1095.0 1119.0 2015.0 3610.0 4896.0 5719.0 6835.0 8292.0 13822.0 20212.0 11330.0 3025.0 1078.0 755.0 877.0 550.0 372.0 319.0 315.0 347.0 687.0 3302.0 7207.0 508.0 17.0 
98304.0 1008.0 729.0 683.0 905.0 1145.0 1151.0 1243.0 1371.0 1902.0 4630.0 9385.0 12822.0 12922.0 11591.0 9236.0 7119.0 5330.0 4467.0 3694.0 2814.0 1670.0 1142.0 1273.0 69.0 3.0 
98304.0 1508.0 2833.0 4725.0 5467.0 6138.0 7196.0 7991.0 8059.0 8454.0 9098.0 9045.0 7303.0 5038.0 3375.0 2517.0 1736.0 1134.0 748.0 658.0 709.0 748.0 1183.0 2360.0 268.0 13.0 
98304.0 6569.0 9395.0 9530.0 10701.0 11578.0 11182.0 9926.0 7953.0 5907.0 3636.0 1956.0 1182.0 838.0 760.0 755.0 818.0 737.0 780.0 799.0 865.0 710.0 659.0 868.0 195.0 5.0 
98304.0 978.0 6683.0 16603.0 11132.0 3573.0 3711.0 5656.0 5318.0 6139.0 7947.0 10168.0 9335.0 3307.0 1454.0 1069.0 898.0 775.0 729.0 632.0 525.0 317.0 320.0 919.0 116.0 0.0 
